-0.132901, 0.458874, -0.501675, 
-0.0820683, 0.467676, -0.502301, 
-0.137943, 0.47392, -0.501689, 
-0.206364, 0.051297, -0.403781, 
-0.137614, 0.043146, -0.405347, 
-0.0685921, 0.049781, -0.403859, 
-0.294871, 0.153304, -0.401965, 
-0.226746, 0.126746, -0.411189, 
-0.138018, 0.119014, -0.418242, 
-0.0465342, 0.125626, -0.411598, 
0.0231366, 0.15496, -0.403499, 
-0.309059, 0.231422, -0.410121, 
-0.23782, 0.218623, -0.427622, 
-0.137694, 0.219808, -0.438204, 
-0.0380598, 0.218949, -0.429099, 
0.0364174, 0.227894, -0.410814, 
-0.395028, 0.353215, -0.403702, 
-0.329096, 0.322379, -0.420967, 
-0.235004, 0.320394, -0.4433, 
-0.138011, 0.319549, -0.449201, 
-0.0402421, 0.320837, -0.444033, 
0.0567526, 0.322124, -0.422235, 
0.120928, 0.354712, -0.403478, 
-0.402572, 0.431298, -0.41025, 
-0.334774, 0.419305, -0.436216, 
-0.237577, 0.418977, -0.455773, 
-0.138253, 0.417355, -0.465658, 
-0.0375929, 0.418354, -0.457253, 
0.0603233, 0.42107, -0.43821, 
0.130139, 0.429475, -0.411818, 
-0.404332, 0.479354, -0.410502, 
-0.332892, 0.483365, -0.432737, 
-0.237247, 0.483511, -0.459799, 
-0.137382, 0.48334, -0.470964, 
-0.0377683, 0.483345, -0.461772, 
0.0586389, 0.48413, -0.433706, 
0.130675, 0.48022, -0.41273, 
-0.136063, -0.441455, -0.301771, 
-0.0747532, -0.435576, -0.300046, 
-0.210709, -0.36035, -0.306507, 
-0.137929, -0.374016, -0.310035, 
-0.0633691, -0.362942, -0.306482, 
-0.295449, -0.246696, -0.304219, 
-0.230104, -0.277522, -0.316537, 
-0.138118, -0.28236, -0.328867, 
-0.0435525, -0.278314, -0.317587, 
0.0217463, -0.249995, -0.304421, 
-0.306942, -0.173718, -0.311036, 
-0.237606, -0.181719, -0.33472, 
-0.13752, -0.181418, -0.348377, 
-0.0371824, -0.181715, -0.33654, 
0.0352547, -0.172993, -0.312122, 
-0.388116, -0.0418082, -0.300719, 
-0.324113, -0.0787058, -0.323251, 
-0.23662, -0.0814973, -0.353648, 
-0.137779, -0.0825778, -0.36578, 
-0.038325, -0.0819888, -0.354869, 
0.0531112, -0.0776842, -0.324638, 
0.112662, -0.0484512, -0.301874, 
-0.395995, 0.038004, -0.307472, 
-0.336103, 0.018765, -0.33824, 
-0.238477, 0.016496, -0.370684, 
-0.137202, 0.010395, -0.379986, 
-0.0353054, 0.015321, -0.372044, 
0.0603044, 0.019505, -0.341034, 
0.122699, 0.033692, -0.310192, 
-0.409689, 0.12485, -0.318476, 
-0.336425, 0.118638, -0.357637, 
-0.24953, 0.109117, -0.373228, 
-0.137705, 0.11663, -0.368097, 
-0.0257097, 0.107758, -0.373413, 
0.0628832, 0.118707, -0.359197, 
0.137408, 0.124163, -0.321322, 
-0.424132, 0.222718, -0.332081, 
-0.346796, 0.215813, -0.364475, 
-0.240495, 0.21955, -0.375737, 
-0.138481, 0.21318, -0.386497, 
-0.0354316, 0.219985, -0.376615, 
0.0723237, 0.214576, -0.365807, 
0.151377, 0.221909, -0.333816, 
0.212827, 0.260492, -0.301192, 
-0.493939, 0.34542, -0.308107, 
-0.434166, 0.320577, -0.344231, 
-0.349485, 0.313821, -0.366892, 
-0.250527, 0.30796, -0.388654, 
-0.139599, 0.287401, -0.39582, 
-0.0243632, 0.306279, -0.390096, 
0.0728546, 0.311983, -0.368712, 
0.159312, 0.319127, -0.347432, 
0.220856, 0.340247, -0.31015, 
-0.504295, 0.426835, -0.318574, 
-0.440074, 0.417208, -0.355422, 
-0.346862, 0.41557, -0.376227, 
-0.275904, 0.384148, -0.393926, 
0.000618713, 0.385669, -0.396659, 
0.0725511, 0.413616, -0.378601, 
0.166969, 0.417335, -0.356577, 
0.23155, 0.424248, -0.322268, 
-0.503532, 0.481321, -0.319482, 
-0.442321, 0.484412, -0.354151, 
-0.36546, 0.481919, -0.386683, 
0.0918285, 0.480737, -0.387249, 
0.168545, 0.484242, -0.357504, 
0.23144, 0.482557, -0.320549, 
-0.314912, -0.471931, -0.222937, 
-0.235292, -0.483665, -0.249556, 
-0.139473, -0.465504, -0.255847, 
-0.0401219, -0.482894, -0.250591, 
0.0425934, -0.472478, -0.224976, 
-0.388656, -0.334924, -0.200904, 
-0.329904, -0.378724, -0.236622, 
-0.244554, -0.387955, -0.276568, 
-0.138527, -0.403974, -0.273935, 
-0.0296229, -0.388521, -0.277171, 
0.0579775, -0.379132, -0.238315, 
0.115375, -0.344247, -0.20391, 
-0.396419, -0.265623, -0.211139, 
-0.339616, -0.282593, -0.253137, 
-0.259003, -0.295182, -0.27962, 
-0.136483, -0.28079, -0.278493, 
-0.0175846, -0.294401, -0.279684, 
0.0648797, -0.282719, -0.257408, 
0.124041, -0.26681, -0.2141, 
-0.407646, -0.175622, -0.224855, 
-0.34936, -0.185622, -0.268046, 
-0.244656, -0.184064, -0.278, 
-0.14179, -0.19432, -0.291302, 
-0.0304083, -0.18058, -0.281494, 
0.0762323, -0.185608, -0.269323, 
0.135599, -0.17664, -0.227888, 
-0.42117, -0.0781681, -0.239631, 
-0.358297, -0.0878774, -0.271381, 
-0.26385, -0.0929857, -0.287866, 
-0.0124439, -0.0938386, -0.290514, 
0.0834274, -0.0897565, -0.273091, 
0.149186, -0.0785966, -0.242091, 
-0.489397, 0.051177, -0.206219, 
-0.436417, 0.018868, -0.248923, 
-0.352267, 0.011631, -0.270768, 
-0.278805, -0.017665, -0.295871, 
0.00422895, -0.026818, -0.29729, 
0.0782266, 0.012167, -0.273896, 
0.164417, 0.018045, -0.251501, 
0.217346, 0.050536, -0.208288, 
-0.498202, 0.131871, -0.216931, 
-0.449573, 0.115711, -0.256692, 
-0.363979, 0.111371, -0.281063, 
0.0933682, 0.110419, -0.282991, 
0.175526, 0.115966, -0.259922, 
0.22589, 0.127907, -0.220954, 
-0.5098, 0.223729, -0.233353, 
-0.453256, 0.215806, -0.264493, 
-0.37832, 0.198166, -0.290837, 
0.101745, 0.187093, -0.291901, 
0.178425, 0.214045, -0.265085, 
0.237294, 0.222301, -0.238515, 
-0.52236, 0.321199, -0.246965, 
-0.456146, 0.312993, -0.261555, 
-0.386278, 0.27431, -0.299394, 
0.183078, 0.311876, -0.264121, 
0.250904, 0.319846, -0.247437, 
-0.590716, 0.462651, -0.206673, 
-0.53815, 0.419487, -0.24652, 
-0.465747, 0.412806, -0.274765, 
0.193756, 0.411732, -0.278291, 
0.266026, 0.419155, -0.248564, 
0.316283, 0.44855, -0.210193, 
-0.589312, 0.472178, -0.207988, 
-0.535279, 0.483692, -0.249218, 
-0.475893, 0.480149, -0.287253, 
0.200979, 0.478117, -0.289549, 
0.265167, 0.483978, -0.250017, 
0.316921, 0.477062, -0.208245, 
-0.398187, -0.452618, -0.126341, 
-0.34259, -0.483067, -0.153345, 
-0.240094, -0.464686, -0.152829, 
-0.138411, -0.45848, -0.14839, 
-0.0362592, -0.463359, -0.151722, 
0.0687559, -0.484702, -0.154602, 
0.125581, -0.457519, -0.129223, 
-0.409336, -0.377191, -0.139158, 
-0.359807, -0.392714, -0.171227, 
-0.237492, -0.407917, -0.152695, 
-0.137193, -0.408528, -0.153191, 
-0.038764, -0.408362, -0.152216, 
0.082517, -0.395635, -0.169747, 
0.137895, -0.378346, -0.143009, 
-0.425709, -0.281453, -0.150218, 
-0.36222, -0.291127, -0.16751, 
0.0887007, -0.288643, -0.164885, 
0.155679, -0.282166, -0.150611, 
-0.488029, -0.140677, -0.10545, 
-0.446805, -0.182215, -0.150034, 
-0.370345, -0.189169, -0.177351, 
0.100648, -0.189665, -0.179727, 
0.176291, -0.182677, -0.150598, 
0.216528, -0.143732, -0.105389, 
-0.495377, -0.0619559, -0.121433, 
-0.460301, -0.087126, -0.157925, 
-0.379391, -0.105961, -0.188633, 
0.105183, -0.0999444, -0.194206, 
0.186474, -0.0884792, -0.162688, 
0.222517, -0.071188, -0.126651, 
-0.50571, 0.023924, -0.14133, 
-0.460734, 0.010589, -0.166374, 
0.185919, 0.010404, -0.165007, 
0.234563, 0.020439, -0.147163, 
-0.522696, 0.119582, -0.148635, 
-0.465114, 0.116532, -0.157569, 
0.192781, 0.116506, -0.161986, 
0.251909, 0.118759, -0.149764, 
-0.539192, 0.219496, -0.147718, 
-0.475905, 0.207528, -0.173976, 
0.203373, 0.208263, -0.182249, 
0.267129, 0.218589, -0.148977, 
0.313352, 0.266857, -0.102573, 
-0.593068, 0.346729, -0.118324, 
-0.551938, 0.316373, -0.152661, 
-0.4831, 0.290942, -0.190981, 
0.210814, 0.281106, -0.19217, 
0.277788, 0.314458, -0.156363, 
0.319276, 0.337534, -0.125409, 
-0.600817, 0.425697, -0.13955, 
-0.554201, 0.413205, -0.160563, 
0.278901, 0.415714, -0.15783, 
0.3299, 0.423354, -0.146505, 
-0.601014, 0.481767, -0.139477, 
-0.565731, 0.484661, -0.15805, 
0.29368, 0.484233, -0.158585, 
0.329107, 0.482878, -0.142533, 
-0.413733, -0.468319, -0.0414601, 
-0.34067, -0.46672, -0.0470609, 
-0.237811, -0.458465, -0.0494359, 
-0.137938, -0.458446, -0.0481075, 
-0.0388783, -0.458455, -0.0489169, 
0.0642812, -0.465017, -0.0474347, 
0.142235, -0.469251, -0.0414821, 
-0.43489, -0.381647, -0.049343, 
-0.340712, -0.401486, -0.0506972, 
-0.237057, -0.408534, -0.0499978, 
-0.138663, -0.408535, -0.0488837, 
-0.0381795, -0.408535, -0.0498559, 
0.0645038, -0.404715, -0.0523009, 
0.165135, -0.381466, -0.0498734, 
-0.454493, -0.281888, -0.0496394, 
-0.382064, -0.312728, -0.083456, 
0.109331, -0.3161, -0.086004, 
0.184912, -0.281996, -0.0492895, 
0.214017, -0.239617, -0.00737872, 
-0.493031, -0.155853, -0.0362439, 
-0.468532, -0.189192, -0.0539255, 
0.194563, -0.194573, -0.0575764, 
0.220269, -0.166796, -0.0407804, 
-0.504644, -0.0806982, -0.0478451, 
-0.457789, -0.0877538, -0.0551607, 
0.185384, -0.0839137, -0.0492465, 
0.258401, -0.0841428, -0.0490614, 
0.352395, -0.051957, -0.0388722, 
-0.525258, 0.018749, -0.0493633, 
-0.471232, 0.013789, -0.0515887, 
0.20158, 0.00938101, -0.0536299, 
0.255389, 0.02047, -0.0538004, 
0.379389, -0.012962, -0.0424576, 
0.461213, 0.017171, -0.0412324, 
0.527832, 0.053762, -0.0362394, 
-0.539319, 0.119437, -0.0486945, 
-0.481828, 0.095471, -0.0634866, 
0.208111, 0.087204, -0.0765709, 
0.267196, 0.120512, -0.0511375, 
0.497615, 0.080742, -0.0327553, 
0.565573, 0.117287, -0.0418485, 
-0.590295, 0.257296, -0.0292913, 
-0.556867, 0.217217, -0.0498782, 
0.282045, 0.214658, -0.052482, 
0.316832, 0.249637, -0.0402726, 
0.592852, 0.213572, -0.0428616, 
0.615433, 0.239226, -0.0314542, 
-0.597547, 0.327983, -0.0454202, 
-0.556954, 0.308703, -0.0549555, 
0.278203, 0.31526, -0.0518247, 
0.327036, 0.320826, -0.0499961, 
0.592022, 0.321588, -0.0429963, 
0.615556, 0.294097, -0.0331466, 
-0.615587, 0.418199, -0.0499669, 
-0.564581, 0.419938, -0.0502986, 
0.295493, 0.419064, -0.0507884, 
0.366394, 0.427129, -0.0485616, 
0.463717, 0.437465, -0.040307, 
0.554094, 0.40612, -0.0407397, 
-0.610066, 0.484702, -0.0488404, 
-0.57803, 0.480565, -0.0539381, 
0.305143, 0.479153, -0.0603343, 
0.338779, 0.484342, -0.0476276, 
-0.412452, -0.476922, 0.0503165, 
-0.341697, -0.478593, 0.050448, 
-0.23781, -0.458462, 0.0513889, 
-0.138802, -0.458449, 0.0509564, 
-0.0388375, -0.458451, 0.0508575, 
0.067128, -0.476309, 0.0509472, 
0.141783, -0.479109, 0.0494189, 
-0.434579, -0.382152, 0.050274, 
-0.340747, -0.400002, 0.0565709, 
-0.237295, -0.408531, 0.0543513, 
-0.137885, -0.408528, 0.0523861, 
-0.0383699, -0.408526, 0.0548983, 
0.0635452, -0.404631, 0.0560566, 
0.164589, -0.382239, 0.051047, 
-0.454015, -0.281825, 0.0512581, 
-0.381363, -0.313121, 0.0848391, 
0.110407, -0.301746, 0.0980819, 
0.184516, -0.281779, 0.050795, 
0.21317, -0.237202, 0.0214328, 
-0.492843, -0.157527, 0.0361433, 
-0.468575, -0.189694, 0.0552885, 
0.194295, -0.193865, 0.0588851, 
0.219854, -0.166694, 0.0407935, 
-0.504251, -0.0807034, 0.0493255, 
-0.458487, -0.0878717, 0.0570396, 
0.184884, -0.0839017, 0.0540296, 
0.259542, -0.0825413, 0.0515833, 
0.352792, -0.0516673, 0.0416209, 
-0.524863, 0.018863, 0.0503718, 
-0.471538, 0.013762, 0.0540088, 
0.200346, 0.011029, 0.0554911, 
0.25275, 0.020733, 0.0539484, 
0.37648, -0.010975, 0.0484155, 
0.460353, 0.018875, 0.0448088, 
0.528271, 0.053741, 0.0389036, 
-0.540062, 0.119638, 0.0498085, 
-0.482008, 0.098656, 0.0651015, 
0.207461, 0.085972, 0.0773461, 
0.264627, 0.119404, 0.0514601, 
0.496809, 0.081116, 0.0421043, 
0.562398, 0.118043, 0.0454815, 
-0.590279, 0.256344, 0.0210787, 
-0.556654, 0.217442, 0.0512354, 
0.280864, 0.215037, 0.052935, 
0.317481, 0.246583, 0.0348268, 
0.589397, 0.214193, 0.0463029, 
0.61541, 0.240293, 0.0324982, 
-0.597512, 0.328866, 0.0458762, 
-0.557303, 0.308757, 0.056578, 
0.279423, 0.312528, 0.0548576, 
0.325386, 0.32186, 0.0486662, 
0.588094, 0.321196, 0.0465005, 
0.615587, 0.291774, 0.0326105, 
-0.615213, 0.418582, 0.0513429, 
-0.564306, 0.419893, 0.0507041, 
0.295184, 0.418448, 0.0516669, 
0.366628, 0.427658, 0.0497508, 
0.463391, 0.436492, 0.0432801, 
0.55234, 0.405751, 0.0436072, 
-0.61057, 0.48434, 0.0492115, 
-0.577901, 0.481406, 0.0595721, 
0.304939, 0.479828, 0.0620418, 
0.338422, 0.484571, 0.0490932, 
-0.397685, -0.464203, 0.121054, 
-0.343129, -0.48235, 0.152909, 
-0.238118, -0.459293, 0.150251, 
-0.138623, -0.458509, 0.148914, 
-0.0382905, -0.459089, 0.150407, 
0.0687345, -0.482804, 0.154618, 
0.125349, -0.4668, 0.125779, 
-0.408699, -0.376949, 0.139211, 
-0.360258, -0.391831, 0.170948, 
-0.237518, -0.40831, 0.152216, 
-0.137433, -0.40853, 0.152197, 
-0.0391993, -0.408258, 0.151919, 
0.0821678, -0.394578, 0.170377, 
0.137214, -0.377964, 0.142771, 
-0.424952, -0.280964, 0.150005, 
-0.364018, -0.290964, 0.166453, 
0.0898086, -0.288779, 0.166452, 
0.155154, -0.2816, 0.150333, 
-0.446121, -0.181409, 0.149987, 
-0.370419, -0.18852, 0.178121, 
0.0988653, -0.190155, 0.177725, 
0.175375, -0.182386, 0.150499, 
0.215209, -0.14426, 0.10854, 
-0.494895, -0.0641301, 0.120209, 
-0.460179, -0.0861814, 0.157848, 
-0.378453, -0.101348, 0.18905, 
0.10711, -0.118432, 0.189735, 
0.185736, -0.0877555, 0.162108, 
0.221393, -0.0699444, 0.125789, 
-0.505386, 0.023449, 0.140302, 
-0.460974, 0.00986102, 0.167613, 
0.187132, 0.010437, 0.165468, 
0.232553, 0.021748, 0.145791, 
-0.521911, 0.118795, 0.149163, 
-0.463832, 0.116805, 0.156843, 
0.192301, 0.116269, 0.160694, 
0.249826, 0.120021, 0.150218, 
-0.538263, 0.219194, 0.147894, 
-0.475541, 0.209129, 0.173604, 
0.202055, 0.206552, 0.180834, 
0.264775, 0.219188, 0.149223, 
0.313299, 0.263784, 0.10521, 
-0.591694, 0.344575, 0.118818, 
-0.551395, 0.316932, 0.152695, 
-0.482022, 0.290747, 0.191306, 
0.208296, 0.276148, 0.193909, 
0.277173, 0.315348, 0.155724, 
0.318633, 0.340132, 0.121676, 
-0.600681, 0.425952, 0.139651, 
-0.553826, 0.414219, 0.161095, 
0.279861, 0.414962, 0.158136, 
0.328203, 0.423602, 0.14385, 
-0.600538, 0.481565, 0.138591, 
-0.565816, 0.484528, 0.159319, 
0.293947, 0.484134, 0.158225, 
0.328859, 0.482519, 0.142453, 
-0.317262, -0.452578, 0.220775, 
-0.232988, -0.477464, 0.249085, 
-0.137649, -0.482424, 0.259266, 
-0.0423107, -0.477762, 0.250611, 
0.0443552, -0.453543, 0.222888, 
-0.329653, -0.379051, 0.23547, 
-0.243105, -0.386969, 0.276059, 
-0.138178, -0.402639, 0.27636, 
-0.031429, -0.388009, 0.277467, 
0.0573417, -0.378744, 0.237581, 
0.115001, -0.346491, 0.203457, 
-0.397007, -0.260815, 0.21044, 
-0.3393, -0.282557, 0.251779, 
-0.258794, -0.295539, 0.279949, 
-0.137238, -0.280384, 0.276493, 
-0.0165179, -0.295264, 0.280245, 
0.0644344, -0.282542, 0.256273, 
0.123565, -0.267493, 0.212728, 
-0.407241, -0.175145, 0.223932, 
-0.348359, -0.185422, 0.26726, 
-0.241948, -0.182769, 0.277862, 
-0.138125, -0.193443, 0.291158, 
-0.0306839, -0.182143, 0.278628, 
0.075491, -0.185206, 0.268617, 
0.135041, -0.176659, 0.227295, 
-0.420433, -0.0784881, 0.238858, 
-0.35756, -0.0876871, 0.27165, 
-0.256955, -0.0936038, 0.289108, 
-0.170652, -0.122416, 0.298102, 
-0.0132405, -0.0947315, 0.29052, 
0.0833095, -0.0884992, 0.273346, 
0.148439, -0.0788388, 0.241796, 
-0.491243, 0.057255, 0.203552, 
-0.43557, 0.019216, 0.248984, 
-0.354127, 0.011036, 0.272419, 
-0.275995, -0.019908, 0.296174, 
-2.37869e-05, -0.019217, 0.296843, 
0.0779238, 0.011355, 0.273336, 
0.16394, 0.018137, 0.250342, 
0.217466, 0.047659, 0.204962, 
-0.497511, 0.132018, 0.216127, 
-0.449304, 0.11594, 0.256585, 
-0.363529, 0.111394, 0.279965, 
0.0899551, 0.11128, 0.284391, 
0.175072, 0.116274, 0.259106, 
0.224914, 0.129108, 0.219527, 
-0.509174, 0.223784, 0.233019, 
-0.453194, 0.215759, 0.264338, 
-0.37866, 0.204003, 0.290358, 
0.101295, 0.193153, 0.292685, 
0.178365, 0.215001, 0.265406, 
0.236096, 0.222579, 0.237106, 
-0.522286, 0.321161, 0.246166, 
-0.45592, 0.312105, 0.26317, 
0.181353, 0.312892, 0.264481, 
0.249132, 0.319706, 0.247982, 
-0.589973, 0.460687, 0.20665, 
-0.537276, 0.419344, 0.246907, 
-0.465346, 0.412709, 0.273658, 
0.193704, 0.412879, 0.277669, 
0.265398, 0.419404, 0.247859, 
0.316524, 0.451823, 0.208538, 
-0.587959, 0.47144, 0.209469, 
-0.534904, 0.483805, 0.248725, 
-0.476321, 0.479651, 0.286361, 
0.203268, 0.479333, 0.288542, 
0.264354, 0.484106, 0.249654, 
0.317293, 0.475579, 0.209571, 
-0.126292, -0.439357, 0.301993, 
-0.0830526, -0.434072, 0.301182, 
-0.210092, -0.357833, 0.305692, 
-0.137853, -0.371451, 0.309186, 
-0.0648988, -0.358719, 0.306719, 
-0.292591, -0.248524, 0.30415, 
-0.229008, -0.277094, 0.315632, 
-0.137977, -0.281696, 0.327386, 
-0.0449633, -0.27774, 0.316653, 
0.0199777, -0.251491, 0.304769, 
-0.306178, -0.172121, 0.310449, 
-0.237571, -0.181776, 0.333349, 
-0.137846, -0.180865, 0.347245, 
-0.037735, -0.182193, 0.33512, 
0.0339104, -0.17171, 0.31187, 
-0.323878, -0.0778813, 0.322263, 
-0.236979, -0.0810313, 0.3525, 
-0.137483, -0.0823152, 0.364333, 
-0.0382162, -0.0823885, 0.353464, 
0.0516025, -0.0775352, 0.324106, 
0.112952, -0.0461798, 0.300168, 
-0.395637, 0.038912, 0.30731, 
-0.335122, 0.019105, 0.337677, 
-0.237883, 0.017403, 0.369967, 
-0.137849, 0.011339, 0.379662, 
-0.0357898, 0.016062, 0.370979, 
0.061233, 0.019282, 0.339725, 
0.122611, 0.037462, 0.309309, 
-0.408886, 0.125616, 0.318111, 
-0.336899, 0.118161, 0.355791, 
-0.249913, 0.109847, 0.373789, 
-0.138398, 0.112748, 0.368313, 
-0.0265992, 0.108748, 0.3735, 
0.0619593, 0.118679, 0.358833, 
0.135936, 0.122999, 0.320374, 
-0.423231, 0.222717, 0.331201, 
-0.345382, 0.215872, 0.364478, 
-0.240337, 0.219077, 0.374781, 
-0.137853, 0.212168, 0.38528, 
-0.0361337, 0.220945, 0.375883, 
0.0719941, 0.214679, 0.36536, 
0.150631, 0.222181, 0.333302, 
-0.49503, 0.349565, 0.307205, 
-0.433512, 0.320421, 0.344016, 
-0.349862, 0.314086, 0.366809, 
-0.250336, 0.309374, 0.388155, 
-0.139329, 0.288631, 0.395047, 
-0.0244394, 0.307682, 0.388868, 
0.0741323, 0.312493, 0.368211, 
0.159234, 0.319305, 0.346415, 
0.220355, 0.343028, 0.30911, 
-0.50332, 0.426772, 0.318453, 
-0.438953, 0.416895, 0.355212, 
-0.345406, 0.415963, 0.375578, 
-0.272734, 0.390158, 0.395494, 
-0.000548187, 0.387123, 0.395808, 
0.0723145, 0.414234, 0.377997, 
0.166614, 0.417155, 0.356082, 
0.230985, 0.42538, 0.321092, 
-0.503331, 0.480777, 0.318619, 
-0.44176, 0.484225, 0.35392, 
-0.364001, 0.482108, 0.386779, 
0.0908667, 0.481206, 0.387378, 
0.167762, 0.484354, 0.356873, 
0.230695, 0.482362, 0.32015, 
-0.203378, 0.055231, 0.403241, 
-0.135273, 0.045301, 0.405208, 
-0.069189, 0.053459, 0.403825, 
-0.296233, 0.157712, 0.402305, 
-0.225477, 0.128301, 0.410504, 
-0.138008, 0.118753, 0.416633, 
-0.0470929, 0.127225, 0.410874, 
0.0218872, 0.153507, 0.403711, 
-0.308244, 0.232937, 0.409357, 
-0.237839, 0.218353, 0.426212, 
-0.138295, 0.219158, 0.437144, 
-0.037955, 0.218525, 0.427711, 
0.0350511, 0.230313, 0.410093, 
-0.390591, 0.356473, 0.403367, 
-0.32782, 0.322948, 0.420441, 
-0.234575, 0.320223, 0.442778, 
-0.137845, 0.31964, 0.447901, 
-0.0399294, 0.32094, 0.443233, 
0.0555932, 0.321993, 0.421687, 
0.118242, 0.353404, 0.403896, 
-0.402033, 0.433878, 0.410165, 
-0.335396, 0.419027, 0.435275, 
-0.237675, 0.419373, 0.454472, 
-0.138475, 0.418164, 0.464724, 
-0.0380533, 0.418303, 0.455742, 
0.0600029, 0.42064, 0.437034, 
0.12949, 0.430041, 0.41106, 
-0.403427, 0.478101, 0.410795, 
-0.333554, 0.483508, 0.430941, 
-0.237569, 0.483433, 0.458126, 
-0.137323, 0.483433, 0.469449, 
-0.0370174, 0.483298, 0.460222, 
0.059017, 0.483911, 0.432519, 
0.13187, 0.479379, 0.4119, 
-0.143096, 0.460242, 0.502301, 
-0.0580861, 0.459694, 0.500901, 
-0.136803, 0.471795, 0.50119, 
-0.0815864, 0.472773, 0.501348, 

-2.30106, 4.55045, 6.55746, 14.0859, 4.44553, 4.07414, -11.5731, 12.6041, 15.4288, -5.97922, -10.4537, 32.517, -5.47187, -8.06295, 19.9144, 18.5798, -2.30525, 10.9939, -0.33729, -12.1744, 1.72456, 9.7045, -4.13743, 16.2591, -13.799, 12.5713, 8.44846, 8.56141, 4.39951, 7.78999, 8.98934, -8.54361, 14.8876, -4.26524, -13.2602, 1.84559, 6.09077, -9.44183, 4.51967, -19.1621, -11.9029, 0.947781, -8.44316, -3.71476, -9.04836, 5.62893, -10.0284, 6.76208, 7.77889, -7.47423, 13.7047, -3.09257, -8.98092, -0.166693, -5.74074, 9.54429, -16.2406, -8.89296, 43.7052, 6.85722, 9.61142, 10.8387, -19.8862, -2.76817, 6.26795, -18.4103, -3.49287, -4.25269, 20.4971, 4.23932, -9.11323, 3.2417, 6.92813, -4.62053, 4.16111, -7.86694, -14.5325, -6.02106, -36.5119, -44.4595, 24.0132, 12.8302, -12.1907, -11.0837, -2.32482, -2.10896, -9.62799, 0.426252, -10.6297, 3.31736, 2.82667, 6.31213, 2.63675, 8.15719, 11.1969, 7.74244, -11.2169, 11.4099, 1.90205, -17.9895, 16.3016, 7.9487, 38.623, 3.45244, 4.63838, -10.2966, -3.31879, -8.19397, -3.2878, 8.31209, 2.59972, 3.62563, -0.503221, -8.38206, 6.78023, -4.33297, -4.614, 2.8621, -7.59158, -9.82054, 3.34616, -5.8356, -8.28261, 2.49165, -2.16533, -11.2265, -1.60634, -12.8477, -5.93516, 13.1611, -11.7936, -8.93605, 7.09073, -21.7672, -19.5947, -15.2223, -13.6666, -20.4885, 10.3765, -13.9522, -6.50619, -4.94936, -8.34832, 6.1432, 14.4225, -1.94571, -19.834, -21.88, -4.19593, -3.77314, -25.6743, 1.81575, -12.9666, -5.6587, 0.982805, -9.2576, 4.46067, -9.95266, 7.82452, 11.0394, 11.2283, -5.20788, 13.3497, 22.8927, 12.4902, -11.8403, 33.2241, 16.6999, -6.59974, 14.2622, -7.64309, -20.5684, -1.7718, -7.53625, -4.42038, -11.9322, 14.9214, -3.66189, 4.50554, 6.57604, 19.866, 17.928, -7.55254, 1.88889, 15.3812, 12.2057, -18.6918, 25.6023, 17.5094, 1.84969, 15.5555, 15.4188, -18.1882, 26.1754, -21.0273, -2.67476, -3.69638, 12.1847, -0.35586, 0.897701, 1.01119, 8.85424, 7.67169, 15.3006, 7.92846, 8.4947, 10.4097, -7.24423, 2.42635, -10.2802, 13.5192, 1.31573, 21.1938, 0.634035, -7.01718, -9.16195, -0.087143, 7.36352, -7.42329, 4.23812, 1.85039, -10.1037, 13.2782, -4.89164, 3.3372, 9.71708, -13.8348, -11.8047, -14.4588, -4.62565, -12.5734, 11.5577, -22.7977, -11.4511, 18.7444, -3.28493, -2.74074, -8.94032, 14.4772, -13.6822, -14.2553, 20.3068, 16.5778, 9.78455, -7.40913, 15.1285, 0.437198, 15.4817, 2.16161, -2.67425, -19.9743, -2.78045, -0.143318, -27.8888, -21.6921, 7.49205, 3.52273, -19.8933, -6.54377, -11.0549, -28.2297, 23.1851, -19.6877, 0.727698, -17.4329, -18.541, 4.74592, -10.4861, 9.07906, 19.1557, 8.82344, -15.7943, 3.40683, 17.0208, -29.1689, 11.1526, 6.06711, -7.59291, -7.60947, 3.76914, -2.63561, -13.1517, -11.2, -2.68667, -21.129, 21.1429, -3.33997, 0.46403, -11.2576, -23.0191, 2.83433, -0.556495, -9.56728, 7.21885, 3.57138, 6.12204, 1.01142, 13.4719, 19.3137, 0.517067, 2.26049, 11.6568, -4.04706, 4.64456, 6.9677, -12.0067, -0.630538, 9.751, -4.57816, -4.83227, 14.1243, 4.3295, -5.42007, 23.0391, -18.8652, 11.9354, 10.292, -2.85995, 15.2885, -18.0054, 11.066, -8.45027, 2.28653, 22.1722, -16.7652, 22.3142, 7.78254, -3.52348, -7.10471, -6.22505, 12.507, -8.39823, 1.80373, -16.4928, 3.19478, 6.38199, 3.26171, -0.45413, 0.178795, 16.5946, -2.3931, -9.00071, 13.9678, -0.408145, -7.46869, 1.77607, 4.89422, -18.1539, -6.32923, 7.14285, -6.00547, 0.617548, -7.34192, 29.3577, -8.40837, 1.1998, -5.80087, -1.30333, 0.812965, -2.61048, -1.58298, 4.90261, 6.65527, 1.75815, -5.0768, -5.73419, 5.62846, -3.36912, 0.809689, -3.64228, 1.23201, -13.8236, -4.13593, 3.5947, 13.8523, 0.66229, -2.30689, -1.56403, -10.5806, 9.13516, -10.3781, 6.2892, -13.8896, 2.49051, 20.8239, -10.1128, -2.17915, 6.6253, 2.42504, 2.25226, -13.6457, 5.31036, 19.6315, -4.78323, 8.14712, -1.35301, 0.179258, -1.2522, -3.72832, -0.653751, 2.2892, -7.77811, -7.38383, 10.9064, 1.12134, 10.2773, 9.81551, 7.40993, 4.9451, 2.57489, -5.19786, -5.08683, 9.77987, 3.53375, 4.40562, 3.8599, -7.16785, 0.989321, 17.8262, -5.41736, -11.4251, 16.9904, -3.19392, 2.62115, 12.7614, -10.2039, -23.8178, -3.03077, 26.4272, -12.5302, -19.64, 5.08882, 4.7662, -6.39566, -3.41151, -0.336229, 12.5554, -2.32121, 12.6657, 8.04568, -8.62901, -13.5235, 0.455092, -13.6128, 0.52134, 24.1677, -1.71944, 0.604764, 6.4843, 12.8453, -17.5278, -5.10669, 10.1417, -14.1133, -9.50237, -12.3721, 19.4903, -4.13747, -1.7295, -4.49308, 9.11463, -15.354, 31.8852, -41.592, -19.1212, 18.9762, -7.2473, 19.2462, -28.3787, 40.5218, 39.5164, -27.397, -24.8439, -30.055, 5.75659, 28.9217, -5.36249, 14.9907, 0.589726, -12.7804, 18.1889, 26.1449, 32.9432, 7.35156, 6.14004, 2.20384, -4.66733, -28.0983, 8.57822, -1.18292, 1.93496, -11.7323, 14.0077, -0.0833191, -2.60002, -17.3867, -28.8836, 34.8646, -11.1608, -2.35229, 2.09624, 8.04577, 16.8445, 5.6929, -10.6305, 11.4459, -3.04407, 0.0409102, 13.8628, -8.56511, 11.5216, 12.5958, -2.02488, -4.35952, 17.8113, 24.492, -14.6539, 12.5766, 2.76656, -13.0668, 6.58611, 2.55772, 26.0746, 9.81196, 12.196, -4.68014, -5.12152, 5.98281, -2.37458, -11.8299, -0.974732, 24.8449, -9.55855, 7.45268, -25.4289, -9.25697, 52.5484, 9.96682, 20.1746, 9.79472, -22.1433, 11.7693, 11.5416, -10.223, 9.26963, -10.0822, 16.6225, -13.315, 25.1271, -2.25062, -14.6921, 7.33447, -20.9868, -6.50939, 23.1348, 4.98856, -6.65755, -14.7012, 16.1251, 6.11016, 5.41845, -34.3431, -15.1154, 22.5784, 5.90481, -0.520568, 0.736138, -2.9511, 1.38369, 7.18461, 25.4636, -22.3513, -6.60792, 9.84502, -25.533, -26.3275, 4.22262, -25.3615, -25.3118, -5.24261, 1.51634, 1.44659, 6.76173, -8.24403, -11.0778, -6.05894, -19.5658, -2.94949, -4.89082, -2.72176, -1.16286, 17.5574, -7.56382, 3.29842, 11.7501, 8.87974, -21.5695, -12.9088, 9.38927, 12.0187, 12.9738, 6.34366, -1.47527, -29.1205, 3.39447, -26.7552, -14.2299, -9.58124, 1.4014, -7.77486, 7.28612, 4.49285, 18.4424, 8.53565, -15.7369, 2.58349, 14.5273, -3.57521, -1.40985, 17.9492, 31.6643, -10.617, 7.19754, 13.9046, 7.92458, -8.10065, -9.68552, 8.97537, -6.54857, 0.343369, -0.780184, 0.898248, 13.6396, -31.8986, -2.47166, 7.01445, 0.315475, -27.6116, -1.74988, 19.2919, -25.0645, 13.0296, -3.20307, -34.9753, -14.8637, -21.0055, 10.5397, 2.68962, 15.2707, 0.0332164, -22.7672, -18.2567, -7.07667, -9.32498, -27.6089, 6.26918, 7.14326, 37.1843, 33.4464, 19.4989, -13.8259, -1.17665, -21.7194, -15.3161, 15.067, -10.3551, -2.20707, 3.17879, 11.0678, -14.322, -15.8655, -23.8637, 6.90341, -20.6735, -23.7133, -4.72079, -3.26416, 1.87427, -12.7506, -3.26994, 7.91477, 1.23612, 3.65181, -18.0316, -9.0518, 16.1267, -22.4032, -1.83179, 0.688124, -2.22384, -2.96686, 5.30743, -3.48145, 5.07108, 0.918807, -2.75884, -14.0382, 11.2249, 6.55152, -5.26025, 10.0794, 5.34817, 19.5755, -1.21875, 5.33709, -15.6408, -10.1089, 0.95371, -19.4063, 22.445, -4.72137, 3.48274, 1.3214, -10.8415, 13.9943, 8.15503, 8.2011, 7.86325, -6.39687, 8.44787, -0.943495, -3.84652, 5.12839, -23.0249, -2.41836, 7.31285, -10.5522, 3.31512, -2.98437, 3.38736, 19.1824, -10.8394, -22.0565, -12.2169, 25.1129, 6.48752, -12.9006, -10.5336, 10.8611, 13.5978, 5.69338, 4.93323, -15.3947, -2.56768, -2.65945, -5.21378, -5.61574, 2.88077, -19.886, -7.83069, 29.2861, -6.66053, -1.65713, -15.2195, -22.8781, -8.28689, 6.77319, 4.32654, -6.46179, 1.21163, 18.7757, 6.87471, 1.74171, -4.4196, -15.5687, 18.3592, 9.62272, -29.223, 19.0547, 9.9128, 16.7622, 34.6452, -54.7179, 14.5104, -4.85203, 25.2507, 12.2352, 0.204761, -18.4493, -29.0412, 8.26049, 14.7113, -14.9076, 6.04519, -4.43335, 10.2823, 10.4438, -18.7123, 15.056, -13.1127, 2.7702, 17.6413, 7.73776, -9.23393, -8.84689, -13.5949, 1.25597, 2.02941, -5.16203, 19.2915, -8.31311, 11.0904, 54.0432, 3.10891, -9.66835, -0.306013, -1.88479, -6.59686, -8.28565, -10.1763, -17.6804, 20.8275, -8.7654, 17.8112, 8.86882, -25.3185, 23.8326, -35.4469, -3.05952, -53.6155, -54.9584, -27.3598, -8.45353, 10.5493, -5.86003, -13.7687, -11.7102, -16.3422, -11.163, 9.38366, -17.6221, 10.2574, 47.3771, 3.40031, 7.30088, 0.264323, -12.6995, -15.299, 3.1491, -29.1212, 14.6796, 41.385, 5.81032, 34.8856, 57.0751, -6.47224, 5.53767, 17.5779, -17.5807, 19.0691, -8.51407, -2.6365, -8.15646, -28.0754, -25.8598, -0.947542, -31.0333, -31.5981, 22.5869, -5.5837, -8.6893, 9.86544, -59.8363, -15.428, 1.35999, -42.8041, -28.804, -11.2458, -12.8348, -3.98661, -9.08577, 9.12194, -18.507, 1.20381, 22.6339, -5.58026, 5.53806, 3.26338, -3.7851, -4.58303, 9.71953, -3.55759, 12.3921, 12.4415, -3.58311, -16.1799, 12.5159, -10.047, -2.94982, 10.2556, -8.69653, 19.8959, -0.48004, -11.3604, -22.1208, -0.602981, -5.79339, -17.8146, 29.858, -3.46757, 7.11707, -0.416346, 10.5993, 21.4802, 10.3507, -9.36543, 12.1423, -7.08097, -13.4733, 0.608384, -3.90929, -11.2928, -24.1151, -2.44818, -14.063, -11.5869, 5.56046, 0.567817, 5.25192, 21.0805, 9.10068, -17.455, -9.22337, -18.144, 6.7398, -12.6929, 10.0726, 3.41324, -3.30295, 2.60398, -6.27416, -2.88122, 12.739, -3.61097, -5.08872, 9.19824, 6.72707, -18.4246, 6.67567, 27.5111, -5.74825, 39.0741, -10.4517, -14.673, -0.571684, 6.9811, 6.58632, 4.624, 2.31329, 8.69228, -5.20546, 5.47327, 5.86984, 8.1036, 21.4854, 9.0567, 14.5093, 16.7601, 12.1822, -19.7359, 35.4802, -48.4191, -10.9764, -0.982541, 23.8992, 3.05883, 0.385064, -10.2593, 16.3882, 1.9141, 8.59704, 16.877, 12.1401, -3.83845, -15.0908, 11.0404, -13.1471, -18.1658, -5.05872, -2.04084, -8.36829, 12.4044, -3.84686, 8.87047, -9.09453, 8.46135, -1.5183, -10.4235, 5.20371, 16.7666, 15.192, 50.2757, -9.83296, -16.5421, 12.7487, 3.84005, -8.13632, -10.3874, 12.1785, -13.1592, 38.2169, 6.29628, 15.6496, 11.3171, 26.4711, 14.8187, -36.6304, 25.2863, -49.0062, -47.0099, 26.9826, -8.44222, 12.2289, 8.35594, -19.6913, -23.4551, 2.46511, -6.60424, 9.72606, 15.5359, 12.3492, 37.0526, 3.26231, 11.645, 1.4801, 17.3613, -11.765, 7.46432, 14.1344, 14.2431, 43.6911, 6.34023, 33.6386, 40.7441, 6.75192, 1.10674, 9.25852, 26.6594, 18.7431, -8.82658, -1.0363, -9.58687, -14.3133, 28.9176, 4.77818, -24.274, 27.5143, 20.4738, -4.00667, 5.74876, 10.3146, -45.4498, 12.0115, -3.25879, -45.2712, 33.2407, -9.15225, -9.63052, 3.44169, -6.8572, -1.5282, 12.2347, 7.2057, 25.1196, 0.0760822, -1.30624, 6.47956, 14.5404, -10.0479, 12.4966, 4.86285, 27.137, 9.13593, -5.8041, -3.37837, -16.2777, -2.55524, 0.303938, -13.185, -0.560788, 27.9666, -14.8626, -5.38247, -24.8644, -6.50235, -49.0873, 2.01142, 45.0886, -7.60641, -22.8347, 3.74351, -10.276, -17.0288, 12.2435, 16.7837, 12.0575, -9.59774, -10.6613, -4.62845, -12.7031, -0.983266, -14.7567, -5.18417, -9.51674, 5.04234, -6.79213, 12.3609, 16.2967, 10.0762, 0.103478, -26.3277, -7.7964, -21.0544, 6.04173, 1.3364, 6.03334, 0.00784565, 0.27782, -1.89187, 23.9646, -21.118, 13.0156, -22.7013, -20.4997, -14.3264, -9.25753, -1.36385, 6.51636, 6.25836, -17.8326, 13.5109, -6.50815, -22.8376, 7.54578, -5.91848, -5.6163, -0.894737, 15.18, -15.0997, 1.78059, 15.6463, 10.0489, 13.507, -12.6295, 6.31144, -11.2132, 12.0291, 21.0581, 5.2054, -34.1194, 9.58428, 24.9034, -11.534, -8.32557, -2.43754, -2.41937, 8.50297, -9.54273, 20.7012, 10.9645, 12.2868, -1.64186, 16.3672, -1.57537, 1.04332, 20.9502, -31.9436, -8.40223, 9.76743, -12.5771, 4.99519, -13.7141, 16.4969, 6.48022, -12.0163, 4.19936, -0.489751, 3.69027, -15.12, -15.2344, -11.3558, -13.2402, -13.1543, -20.7932, 1.18715, 21.8972, -21.4779, -5.40529, -1.81309, -35.0193, 14.3007, -18.3986, 16.2252, -2.05621, 17.5012, 0.202699, 20.6592, -2.31163, 4.91016, 19.2705, -25.0561, 4.02884, -2.97495, 31.8906, 25.943, -0.614091, -11.3377, 8.18257, 29.7022, -24.5085, 12.8403, 3.19313, 2.05768, 1.24052, -5.50729, 6.32758, -7.56107, 15.6078, 7.60203, -16.8373, 21.7347, -6.53609, 0.324633, -1.19961, -6.80643, 2.70537, -0.940914, 13.8278, 6.08793, 21.0783, -3.46402, 19.0304, 17.3074, -9.52002, 0.437067, -2.30275, 12.2194, 19.7054, 16.184, 9.72317, -0.583702, -8.81773, 6.64991, -9.22672, -28.9379, -9.0762, 1.19501, -25.6253, -16.2389, 2.90311, 4.44432, 2.44062, -0.278153, 12.6732, -16.4765, -12.2206, -12.2205, -1.30098, 1.2961, 6.71493, 11.8319, -9.9427, 1.5908, 9.97306, -6.4158, 8.87791, 4.00304, 10.4587, 14.9333, -10.4656, -8.65793, 1.45284, 7.42793, 0.547966, -8.19629, -14.019, -5.68451, -5.97246, -0.16627, -0.161864, 1.44935, -1.55486, 4.24806, -4.46406, 6.71303, -6.52427, 2.75003, 6.36166, -3.14387, 0.836803, -4.09518, -1.12113, -3.82488, -15.3754, 1.88435, -13.8976, -1.6325, -3.95894, 4.20427, -7.67771, -0.573279, 10.838, 10.4713, -11.9431, -5.32285, 21.5157, -8.15936, 3.78087, 8.00532, -2.8853, -1.7617, -10.548, -4.79882, -17.1803, -9.75429, 8.21817, 1.55582, -3.93236, 3.21855, 13.1226, 2.62024, 33.4619, 29.0575, -0.307144, -7.0968, 2.41378, -3.45881, -4.1843, -3.16552, 6.39426, -3.23158, -10.728, 6.76853, -13.0183, -4.63671, -7.14129, 17.0308, -24.9822, -9.81606, 6.57085, 3.98957, -3.6855, 32.9448, 9.51263, -6.62888, 20.7306, 5.52853, 4.91794, -0.35107, 6.37025, -34.5495, 19.0641, -25.0731, -20.1222, -10.2271, -2.98367, -0.022379, 7.73587, 3.84065, -4.21426, 4.98673, 7.95569, 14.2033, -7.72319, 2.59994, -12.1743, -8.35964, 6.45204, 1.06121, 11.272, 1.21795, 7.05861, 5.05737, -7.82765, -16.3104, -10.0265, -5.77384, -18.4681, -4.74475, 1.30575, 5.01227, 7.40901, 16.5328, -1.12815, 10.4161, 13.4368, 31.0576, -34.5727, 18.2629, 17.4876, -1.05526, -14.9427, -26.655, 48.208, -34.1321, -17.4326, -37.2112, 10.019, 35.9016, -17.2578, 24.8101, 13.3204, 16.4712, -38.0227, 8.94808, -2.66498, -3.14842, -5.0321, -8.47078, -18.3466, -5.68012, 4.13046, 10.3766, 12.2456, 2.08277, 1.05297, -12.3232, -22.3368, -21.0816, -8.86054, 1.11216, -3.72507, 12.6906, 23.0504, -6.2646, -22.7595, 5.47274, -3.996, -8.66812, 13.4772, 8.68827, 10.1455, 16.5634, 0.509738, -4.1189, 21.7101, -28.4481, -10.1847, 12.0283, -9.04805, -4.40448, -3.48782, 10.6759, 10.9606, -5.17005, 5.61738, 9.74967, 0.662246, 20.198, 2.91333, 11.2249, 16.4318, 4.57766, -1.38757, 13.6777, 3.79126, -11.9572, 4.70719, 16.2835, -14.0877, 8.53396, 3.30899, -17.4637, 13.542, -11.0883, 2.16799, 12.7136, 16.5473, -19.5393, 6.29312, -4.45315, -5.3412, -6.4612, 31.7095, -8.72641, 18.8002, -15.1182, -12.2212, -3.08303, -27.7706, -2.84016, 2.28322, -5.72754, 1.89411, 2.19778, 10.9709, 4.40473, 2.19547, 20.9104, 7.26697, 8.55212, -4.91123, 15.4693, -4.52367, -19.905, 26.8439, 6.68841, -16.9117, 6.97277, 5.45904, -2.21306, -6.34577, -12.1565, 9.15228, -1.75373, -0.281687, 9.66807, 12.9743, 3.27509, -8.57993, 22.4527, -25.6542, -12.7204, 23.9952, -15.6785, 4.37817, 9.59066, -19.3091, -24.5066, 29.1197, 16.6549, -2.06879, -5.39224, -10.9313, -2.6048, 17.0027, -5.88931, 11.4212, -0.167639, -6.05544, 12.7085, 14.3646, -8.24245, -6.12547, 5.77639, 8.24502, 13.0895, 0.457953, -34.9812, -0.444284, -5.07051, -4.87872, 0.435691, 25.8485, 4.85545, 3.20633, -3.17124, 2.66978, 8.57437, 1.81871, 3.09794, 0.217674, -10.1983, 6.84659, -2.15406, -3.94357, 18.3965, 22.5461, -23.3671, 2.13269, 8.01364, -10.9715, 2.298, -4.89177, 1.54869, 12.4517, 14.6266, -24.3802, -7.13812, 24.0247, -12.7183, -18.6284, 9.30383, -20.4243, -9.83305, 6.3412, -12.7713, 26.9986, 2.82377, 3.23699, 22.6312, -1.31492, -10.2367, 27.9767, 16.3753, -29.8475, -4.46454, -36.1814, -38.5369, -3.71371, -11.1128, 7.02993, -27.549, 0.345648, -15.9575, -5.31236, 15.9669, -16.1973, -15.4885, -11.988, 2.92373, 8.51655, 15.466, -1.72996, 18.1125, -10.9944, -4.98418, 19.9518, 23.9679, -1.67935, 6.70051, -14.3448, -13.5535, -4.89663, -7.0254, -3.34184, -1.7665, -1.01813, 14.9199, -6.30055, 11.155, 18.359, 2.9081, -7.26254, 10.9738, 6.08678, 4.71244, 5.63753, 9.70131, -9.37911, -0.658214, 3.20076, -6.03553, 11.6434, -0.841345, -5.80406, -4.8005, -25.8976, -6.79335, -13.542, -21.1105, 14.4877, -1.65827, -9.51326, 1.73639, -0.366586, -18.1153, 7.56951, -2.66598, -15.15, -16.6045, 16.3062, -10.4328, 6.79401, 2.06433, -8.9901, 0.118749, -10.2691, -3.47522, 0.456281, -14.0115, 2.10473, 1.78064, 0.500902, 6.15998, -21.0244, -5.75834, -0.615662, -1.94001, -6.75547, -0.388636, 1.52639, -3.76519, -2.79006, 6.00804, -18.7082, -16.9705, 9.893, -8.98142, 16.6449, -16.0921, 3.61853, 9.84433, -2.57697, 46.968, 10.229, 3.01106, 21.5305, 21.9463, -1.17638, -4.06736, 7.50395, -6.88542, 5.27133, -22.0088, 4.79493, -7.6949, -3.45074, 4.62232, 3.17028, 3.48451, -32.3394, -25.0294, -5.11977, -2.56536, -52.1184, -16.0802, 14.6208, -5.78698, 7.02142, -0.39793, 4.91447, 12.4153, 6.17185, -6.97006, -4.46756, 1.49187, 8.40738, -6.84785, 16.1755, -0.523842, 12.8569, -33.6517, 5.67323, -6.02292, -12.8193, 14.3511, -9.64278, 46.6676, 7.46784, -14.0043, -10.0429, -1.38384, 12.1539, -5.24896, 6.55987, -3.14622, -8.50355, 8.36428, -8.12941, 12.6241, 6.88021, -4.63376, -8.63001, 9.52743, -10.6663, 7.02501, 2.05712, -2.37286, 
1